R [m]	PL [20Hz]	PL [63Hz]	PL [200 Hz]	PL [20Hz]	PL [63Hz]	PL [200 Hz]
10000	-44.7	-44.70223587	-42.97703776	-43.28322637	-42.75308115	-42.74915043
11000	-45.2	-45.13671156	-43.4135519	-43.70477215	-43.16761492	-43.1632913
12000	-45.6	-45.53497297	-43.81393946	-44.08876688	-43.54610739	-43.54139091
14000	-46.2	-46.24482837	-44.52815615	-44.76744687	-44.21678883	-44.21128679
15000	-46.5	-46.56450452	-44.85003567	-45.07068906	-44.51702774	-44.511133
17000	-47.1	-47.14789875	-45.43785379	-45.62028263	-45.06181754	-45.05513756
18000	-47.4	-47.41591265	-45.70808429	-45.87112126	-45.31065988	-45.30358735
20000	-47.8	-47.91278758	-46.2093975	-46.33340198	-45.76944761	-45.76159014
21000	-48.1	-48.14420383	-46.44303459	-46.54747695	-45.98194692	-45.97369706
23000	-48.5	-48.57808492	-46.88135931	-46.94671224	-46.37824479	-46.36921031
24000	-48.7	-48.78219236	-47.08768904	-47.13354708	-46.56368499	-46.55425827
27000	-49.2	-49.35104549	-47.6632082	-47.65089967	-47.07702828	-47.06642516
28000	-49.4	-49.52793492	-47.84231863	-47.81074703	-47.23557685	-47.2245817
30000	-49.7	-49.86521957	-48.18404252	-48.11415472	-47.53642071	-47.52464165
31000	-49.8	-50.02633053	-48.34737129	-48.25843447	-47.67943082	-47.66725989
33000	-50.1	-50.33502908	-48.66050086	-48.53369052	-47.95216454	-47.93921002
34000	-50.3	-50.48314927	-48.81083385	-48.66520052	-48.08241986	-48.06907361
37000	-50.6	-50.90532345	-49.23963326	-49.03799058	-48.4514642	-48.43694309
38000	-50.8	-51.03930395	-49.37581717	-49.15565837	-48.56788823	-48.5529756
40000	-51.0	-51.29816372	-49.6390751	-49.38211449	-48.7918626	-48.7761671
41000	-51.1	-51.42333728	-49.76644306	-49.49119655	-48.89970638	-48.88361952
44000	-51.5	-51.78338337	-50.13305154	-49.80340541	-49.20820959	-49.19094895
45000	-51.6	-51.8986202	-50.25046832	-49.902841	-49.30641284	-49.28876106
47000	-51.8	-52.12253184	-50.4787276	-50.09536462	-49.49647588	-49.47804193
48000	-51.9	-52.23138623	-50.58974935	-50.18863141	-49.58851437	-49.56968943
51000	-52.1	-52.54650838	-50.91134587	-50.45741164	-49.85361752	-49.83361988
52000	-52.2	-52.64797603	-51.01496189	-50.5435709	-49.93855366	-49.91816523
55000	-52.5	-52.94255835	-51.315958	-50.79263917	-50.18396016	-50.16239965
59000	-52.8	-53.31447408	-51.69634708	-51.10481369	-50.49126993	-50.46814737
60000	-52.9	-53.40405288	-51.78802932	-51.17962313	-50.56486631	-50.54135336
62000	-53.1	-53.57942983	-51.96759435	-51.32565771	-50.70847849	-50.68418494
63000	-53.2	-53.66530535	-52.05555428	-51.39695946	-50.7785709	-50.75388712
66000	-53.4	-53.91610729	-52.31256939	-51.60442497	-50.98241583	-50.95656167
67000	-53.5	-53.99754237	-52.39606179	-51.67154161	-51.04832807	-51.02208388
70000	-53.7	-54.23577049	-52.64041912	-51.86719013	-51.2403708	-51.21295685
71000	-53.7	-54.31324559	-52.71992268	-51.93059602	-51.30257722	-51.27477345
73000	-53.9	-54.46544714	-52.87615859	-52.0548429	-51.42442882	-51.39584556
74000	-53.9	-54.54022089	-52.95293805	-52.11573046	-51.48412056	-51.45514765
77000	-54.1	-54.75949861	-53.17818587	-52.29370973	-51.65851972	-51.62837811
78000	-54.2	-54.83097856	-53.25163986	-52.35154236	-51.71516141	-51.68463034
80000	-54.3	-54.97163481	-53.3962197	-52.46508009	-51.8263209	-51.79501107
81000	-54.4	-55.04084709	-53.46738134	-52.52082046	-51.88087395	-51.84917482
84000	-54.6	-55.24422292	-53.67655458	-52.68412565	-52.04062447	-52.00775773
85000	-54.6	-55.31064729	-53.74489427	-52.73730703	-52.09262336	-52.05936752
87000	-54.7	-55.44153396	-53.87958541	-52.84187648	-52.19483144	-52.16079756
88000	-54.8	-55.50602427	-53.94596473	-52.89329187	-52.24506796	-52.21064513
91000	-55.0	-55.69584157	-54.14139531	-53.04421515	-52.39246175	-52.35687239
92000	-55.0	-55.75793765	-54.20534436	-53.09345569	-52.44052818	-52.40455008
95000	-55.2	-55.94086035	-54.39377077	-53.23813453	-52.58169184	-52.54454783
96000	-55.2	-56.00074928	-54.45547567	-53.28538201	-52.62776996	-52.59023741
98000	-55.3	-56.11896145	-54.57729158	-53.3784691	-52.71852188	-52.68021242
99000	-55.4	-56.17730439	-54.63742217	-53.42432776	-52.76321474	-52.72451689
102000	-55.5	-56.34939266	-54.81481602	-53.55927253	-52.89466913	-52.85480645
103000	-55.6	-56.40580483	-54.87297742	-53.60340558	-52.93764109	-52.89739023
105000	-55.7	-56.51725392	-54.98789581	-53.69044769	-53.0223645	-52.98133744
106000	-55.7	-56.5723069	-55.04466877	-53.73337219	-53.0641314	-53.02271632
110000	-55.9	-56.78821911	-55.26736228	-53.90126348	-53.22740399	-53.18443733
114000	-56.1	-56.99759061	-55.48335574	-54.06338869	-53.38492908	-53.34041166
115000	-56.2	-57.04896106	-55.53635659	-54.10306643	-53.42345968	-53.3785547
117000	-56.2	-57.15057815	-55.64120415	-54.1814387	-53.49954113	-53.45386118
118000	-56.3	-57.20083647	-55.69306253	-54.22014437	-53.53710312	-53.49103576
121000	-56.4	-57.34947784	-55.84644304	-54.3344034	-53.64793798	-53.6007087
122000	-56.5	-57.39833165	-55.89685619	-54.37188739	-53.68428287	-53.6366664
124000	-56.5	-57.49503019	-55.99664272	-54.44598111	-53.75610183	-53.70771109
125000	-56.6	-57.5428848	-56.04602598	-54.48260018	-53.79158522	-53.74280744
128000	-56.7	-57.68452692	-56.19219245	-54.59079993	-53.89638477	-53.84644614
129000	-56.8	-57.73111558	-56.24026868	-54.62632835	-53.93078205	-53.88045658
131000	-56.8	-57.82338109	-56.33547849	-54.69660264	-53.99879748	-53.94769847
132000	-56.9	-57.86906637	-56.38262048	-54.73135644	-54.03242353	-53.98093783
135000	-57.0	-58.00438098	-56.52224345	-54.83413001	-54.13182064	-54.07917517
136000	-57.0	-58.04891845	-56.56819644	-54.86790411	-54.1644715	-54.11143954
139000	-57.2	-58.18088104	-56.70434385	-54.96782406	-54.26102844	-54.20683733
140000	-57.2	-58.22433058	-56.74916776	-55.0006744	-54.29276001	-54.23818263
142000	-57.3	-58.31044346	-56.83799854	-55.06570994	-54.35556137	-54.30021157
143000	-57.3	-58.35311346	-56.8820121	-55.09790134	-54.38663734	-54.33090141
146000	-57.4	-58.47961643	-57.01248423	-55.19320592	-54.4786023	-54.42170829
147000	-57.5	-58.52129212	-57.05546251	-55.22456051	-54.50884589	-54.45156596
149000	-57.5	-58.60392357	-57.14066851	-55.28666595	-54.56873266	-54.51068103
150000	-57.6	-58.64488516	-57.18290209	-55.31742217	-54.5983812	-54.5399438
153000	-57.7	-58.76638712	-57.30815902	-55.40853588	-54.68617844	-54.62658403
154000	-57.7	-58.8064359	-57.34943918	-55.43853046	-54.71506973	-54.65508976
157000	-57.8	-58.92526334	-57.47190019	-55.52741792	-54.80065386	-54.73951749
158000	-57.8	-58.96444128	-57.51226919	-55.55668934	-54.82882636	-54.76730463
160000	-57.9	-59.04216501	-57.59234496	-55.61470902	-54.88465144	-54.82235914
161000	-57.9	-59.08071556	-57.63205652	-55.6434616	-54.91230835	-54.84963084
165000	-58.1	-59.23289569	-57.78878127	-55.75680543	-55.02128034	-54.9570625
168000	-58.2	-59.34496903	-57.90415929	-55.84011923	-55.10132657	-55.03595402
169000	-58.2	-59.38194533	-57.94221753	-55.867578	-55.1276983	-55.06194095
172000	-58.3	-59.49175804	-58.0552175	-55.94904227	-55.20590787	-55.13899641
173000	-58.3	-59.52799669	-58.09249916	-55.97589885	-55.23168169	-55.16438564
176000	-58.4	-59.63564227	-58.20321592	-56.05559783	-55.30813877	-55.23968924
177000	-58.5	-59.67117342	-58.23975161	-56.08187935	-55.33334178	-55.26450785
179000	-58.5	-59.74172029	-58.31227897	-56.1340247	-55.3833333	-55.31373074
180000	-58.6	-59.77673946	-58.34827415	-56.15989162	-55.40812489	-55.33813809
183000	-58.6	-59.88080004	-58.4552062	-56.23668732	-55.48170092	-55.41056171
184000	-58.7	-59.91516003	-58.49050461	-56.26202238	-55.50596487	-55.43444161
186000	-58.7	-59.98339925	-58.56059274	-56.31230572	-55.55410912	-55.48181795
187000	-58.8	-60.01728157	-58.59538563	-56.33725675	-55.57799218	-55.50531712
190000	-58.9	-60.11799747	-58.69877807	-56.41136327	-55.64890107	-55.57507466
191000	-58.9	-60.15126397	-58.73291848	-56.43582093	-55.67229493	-55.59808484
194000	-59.0	-60.25016703	-58.83438897	-56.50847794	-55.74176679	-55.66640597
195000	-59.0	-60.28284051	-58.86790029	-56.53246235	-55.76469156	-55.68894727
197000	-59.1	-60.34775428	-58.93446296	-56.58008643	-55.81019945	-55.73368836
198000	-59.1	-60.37999719	-58.96751702	-56.60372839	-55.83278487	-55.75589046
201000	-59.2	-60.47588545	-59.06578596	-56.67398751	-55.89988053	-55.82183645
202000	-59.2	-60.50757221	-59.09824882	-56.69718861	-55.92202919	-55.843602
204000	-59.3	-60.57053909	-59.16274193	-56.74326929	-55.96600809	-55.8868148
205000	-59.3	-60.60182159	-59.19477464	-56.76615095	-55.98784039	-55.90826414
208000	-59.4	-60.6948793	-59.29003183	-56.83417341	-56.05272087	-55.97199603
209000	-59.4	-60.72563906	-59.32150783	-56.85664334	-56.07414552	-55.99303791
212000	-59.5	-60.81715543	-59.41512269	-56.9234539	-56.1378263	-56.05557071
213000	-59.5	-60.84741017	-59.44606032	-56.94552745	-56.15885862	-56.07622047
215000	-59.6	-60.9075499	-59.50754115	-56.98938508	-56.20063679	-56.11723367
216000	-59.6	-60.93743694	-59.53808649	-57.01117092	-56.22138442	-56.1375989
220000	-59.7	-61.05578971	-59.65899168	-57.0973813	-56.30345199	-56.21813735
